0 0.5109375 0.03759765625 0.195 0.07177734375
0 0.505 0.091552734375 0.53 0.030029296875
0 0.8575 0.135009765625 0.275 0.043212890625
0 0.6209375 0.1357421875 0.2015625 0.034912109375
0 0.4015625 0.135009765625 0.24 0.046630859375
0 0.1440625 0.1357421875 0.2715625 0.041748046875
0 0.7584375 0.220947265625 0.4765625 0.125
0 0.2625 0.22412109375 0.5115625 0.118408203125
0 0.7575 0.348388671875 0.4784375 0.13330078125
0 0.2640625 0.35009765625 0.5084375 0.1298828125
1 0.5009375 0.637451171875 0.9915625 0.445068359375