0 0.7515625 0.30517578125 0.1471875 0.029296875
0 0.4121875 0.315185546875 0.2025 0.038330078125
0 0.4134375 0.355712890625 0.206875 0.03369140625
0 0.38375 0.415771484375 0.145 0.061767578125
0 0.66875 0.415283203125 0.1484375 0.060791015625
0 0.4015625 0.4697265625 0.17875 0.01904296875
1 0.5640625 0.599609375 0.533125 0.150634765625
0 0.5246875 0.69921875 0.4275 0.02587890625
0 0.56625 0.741943359375 0.1821875 0.01904296875
1 0.5653125 0.501220703125 0.5196875 0.0302734375
0 0.7440625 0.351806640625 0.1328125 0.028076171875