0 0.845 0.2275390625 0.2565625 0.1083984375
0 0.845 0.1533203125 0.1534375 0.0234375
0 0.12 0.056640625 0.1165625 0.080078125
0 0.7940625 0.072509765625 0.3915625 0.131591796875
0 0.4515625 0.0390625 0.2765625 0.074951171875
0 0.5725 0.23583984375 0.2784375 0.125
0 0.0840625 0.978271484375 0.1015625 0.026611328125
0 0.8634375 0.578369140625 0.2265625 0.139892578125
0 0.9140625 0.4765625 0.1184375 0.026611328125
0 0.4609375 0.484130859375 0.0984375 0.03173828125
1 0.6309375 0.3857421875 0.685 0.158447265625
0 0.1175 0.11328125 0.125 0.0400390625