1 0.6325 0.447509765625 0.6815625 0.22509765625
0 0.8625 0.67919921875 0.225 0.1484375
0 0.4534375 0.5859375 0.0865625 0.038330078125
0 0.9175 0.574951171875 0.1184375 0.0234375
0 0.8440625 0.243408203125 0.2515625 0.13671875
0 0.575 0.25341796875 0.2734375 0.1533203125
0 0.845 0.152587890625 0.1534375 0.034912109375
0 0.325 0.185791015625 0.1665625 0.041748046875
0 0.4415625 0.0400390625 0.3 0.07666015625
0 0.7915625 0.07177734375 0.3934375 0.13330078125
0 0.1140625 0.112548828125 0.1615625 0.03173828125
0 0.1215625 0.05322265625 0.12 0.080078125
0 0.0784375 0.97509765625 0.1165625 0.03662109375