0 0.8784375 0.054931640625 0.1365625 0.07666015625
0 0.8859375 0.109130859375 0.115 0.0283203125
0 0.5475 0.0390625 0.275 0.074951171875
0 0.205 0.07080078125 0.3934375 0.131591796875
0 0.1534375 0.228271484375 0.26 0.106689453125
0 0.1459375 0.6201171875 0.225 0.139892578125
0 0.4225 0.229248046875 0.275 0.1083984375
1 0.3659375 0.396728515625 0.6815625 0.219970703125
0 0.0609375 0.519287109375 0.0815625 0.02490234375
0 0.5565625 0.5283203125 0.1034375 0.0400390625
0 0.9115625 0.9765625 0.1065625 0.033447265625
0 0.1534375 0.154052734375 0.15 0.021728515625