0 0.3259375 0.326904296875 0.0684375 0.049560546875
0 0.465 0.32470703125 0.154375 0.02978515625
0 0.7925 0.327880859375 0.15875 0.0517578125
0 0.38125 0.41064453125 0.145625 0.05615234375
0 0.5740625 0.452392578125 0.19625 0.023193359375
0 0.806875 0.399658203125 0.1234375 0.08056640625
0 0.3375 0.489013671875 0.1378125 0.036376953125
1 0.56625 0.541748046875 0.6065625 0.058349609375
0 0.365 0.88916015625 0.1996875 0.04296875
0 0.769375 0.8798828125 0.2184375 0.05517578125
0 0.376875 0.8212890625 0.220625 0.057373046875
0 0.7746875 0.818115234375 0.1875 0.044189453125