0 0.1159375 0.0283203125 0.1384375 0.03662109375
0 0.5384375 0.035888671875 0.66 0.018310546875
0 0.1775 0.132568359375 0.235 0.061767578125
0 0.4440625 0.143310546875 0.2615625 0.106689453125
0 0.7709375 0.13671875 0.165 0.086669921875
0 0.1440625 0.231689453125 0.175 0.026611328125
1 0.5 0.30419921875 0.91 0.114990234375
0 0.7134375 0.382568359375 0.49 0.0283203125
0 0.1265625 0.40576171875 0.1534375 0.0283203125
1 0.5 0.5732421875 0.9065625 0.293212890625
0 0.1740625 0.764892578125 0.2315625 0.0732421875
0 0.4509375 0.7734375 0.1315625 0.033447265625
0 0.7459375 0.77490234375 0.145 0.03662109375