0 0.7690625 0.361083984375 0.073125 0.041015625
0 0.773125 0.39013671875 0.0615625 0.01513671875
0 0.591875 0.3525390625 0.1475 0.040283203125
0 0.408125 0.369384765625 0.2109375 0.070556640625
0 0.3803125 0.453857421875 0.139375 0.05712890625
0 0.37625 0.6640625 0.120625 0.074951171875
0 0.5246875 0.454345703125 0.1475 0.05810546875
1 0.494375 0.544189453125 0.365625 0.117919921875
0 0.3309375 0.60986328125 0.04375 0.013427734375
0 0.5965625 0.61474609375 0.0553125 0.021484375
0 0.786875 0.855224609375 0.0571875 0.017822265625
0 0.3803125 0.414306640625 0.0803125 0.01171875