0 0.4534375 0.469970703125 0.0734375 0.033447265625
0 0.8940625 0.46826171875 0.165 0.033447265625
0 0.1040625 0.975830078125 0.1115625 0.034912109375
0 0.855 0.56591796875 0.2365625 0.155029296875
0 0.8409375 0.231689453125 0.265 0.11328125
0 0.575 0.229248046875 0.2765625 0.10498046875
0 0.8390625 0.15673828125 0.1515625 0.030029296875
0 0.7975 0.0732421875 0.3884375 0.1298828125
0 0.4559375 0.0400390625 0.2715625 0.07666015625
0 0.1140625 0.1083984375 0.1184375 0.026611328125
0 0.1225 0.05322265625 0.1315625 0.080078125
1 0.6325 0.36669921875 0.6815625 0.163330078125