1 0.3659375 0.447509765625 0.6815625 0.22509765625
0 0.1359375 0.67919921875 0.225 0.1484375
0 0.545 0.5859375 0.0865625 0.038330078125
0 0.0809375 0.574951171875 0.1184375 0.0234375
0 0.1540625 0.243408203125 0.2515625 0.13671875
0 0.4234375 0.25341796875 0.2734375 0.1533203125
0 0.1534375 0.152587890625 0.1534375 0.034912109375
0 0.6734375 0.185791015625 0.1665625 0.041748046875
0 0.5565625 0.0400390625 0.3 0.07666015625
0 0.2065625 0.07177734375 0.3934375 0.13330078125
0 0.8840625 0.112548828125 0.1615625 0.03173828125
0 0.8765625 0.05322265625 0.12 0.080078125
0 0.92 0.97509765625 0.1165625 0.03662109375