0 0.86 0.106689453125 0.16 0.0966796875
0 0.6234375 0.0791015625 0.3065625 0.03173828125
0 0.4934375 0.125 0.3534375 0.03662109375
0 0.495 0.157470703125 0.16 0.021728515625
0 0.8034375 0.2041015625 0.24 0.04833984375
0 0.495 0.2099609375 0.31 0.05322265625
0 0.2034375 0.20751953125 0.22 0.058349609375
0 0.4990625 0.2451171875 0.165 0.026611328125
0 0.505 0.294189453125 0.8365625 0.0517578125
0 0.495 0.3349609375 0.32 0.026611328125
0 0.5059375 0.404052734375 0.825 0.081787109375
1 0.5 0.570068359375 0.8365625 0.2099609375
0 0.5034375 0.68505859375 0.82 0.026611328125
0 0.5175 0.783447265625 0.8315625 0.06005859375
0 0.5115625 0.72412109375 0.8134375 0.04833984375
0 0.73 0.890869140625 0.3865625 0.081787109375
0 0.2915625 0.887451171875 0.39 0.0849609375