0 0.3921875 0.462890625 0.12875 0.054443359375
0 0.3921875 0.425537109375 0.076875 0.01171875
0 0.75625 0.376953125 0.0584375 0.040283203125
0 0.4178125 0.385009765625 0.1965625 0.066162109375
0 0.5896875 0.3681640625 0.13875 0.03759765625
0 0.5290625 0.467041015625 0.1396875 0.062744140625
0 0.7740625 0.839599609375 0.0509375 0.013427734375
0 0.383125 0.638916015625 0.11375 0.0703125
0 0.3575 0.587890625 0.059375 0.013427734375
0 0.585 0.591552734375 0.049375 0.015869140625
1 0.4996875 0.542236328125 0.34375 0.07958984375
0 0.7575 0.405517578125 0.0628125 0.02001953125