0 0.1990625 0.10009765625 0.1884375 0.050048828125
0 0.765 0.10498046875 0.2434375 0.033447265625
0 0.835 0.16259765625 0.0965625 0.074951171875
0 0.8034375 0.263427734375 0.1665625 0.10009765625
0 0.3109375 0.257568359375 0.3484375 0.151611328125
0 0.2615625 0.445068359375 0.3734375 0.050048828125
0 0.7784375 0.40576171875 0.2165625 0.034912109375
1 0.4775 0.586669921875 0.885 0.25341796875
0 0.2240625 0.762451171875 0.375 0.07177734375
0 0.8115625 0.88330078125 0.1634375 0.11328125
0 0.4784375 0.87841796875 0.16 0.090087890625
0 0.175 0.8701171875 0.1365625 0.07666015625