0 0.589375 0.584228515625 0.0375 0.01708984375
0 0.363125 0.583251953125 0.0846875 0.01708984375
0 0.7684375 0.84375 0.0571875 0.01806640625
0 0.383125 0.63330078125 0.1215625 0.07958984375
0 0.390625 0.4619140625 0.1359375 0.05810546875
0 0.526875 0.460693359375 0.141875 0.053955078125
0 0.39125 0.42333984375 0.0778125 0.015380859375
0 0.4128125 0.380615234375 0.199375 0.066650390625
0 0.588125 0.363525390625 0.139375 0.039306640625
0 0.7634375 0.398681640625 0.060625 0.013671875
0 0.7590625 0.370361328125 0.0675 0.041015625
1 0.4975 0.53125 0.3496875 0.083740234375