0 0.1365625 0.08740234375 0.1034375 0.074951171875
0 0.3465625 0.084228515625 0.2334375 0.044921875
0 0.8415625 0.089111328125 0.24 0.078369140625
0 0.22 0.214111328125 0.22 0.0849609375
0 0.5115625 0.277587890625 0.2965625 0.034912109375
0 0.8634375 0.197509765625 0.1865625 0.12158203125
0 0.1540625 0.33251953125 0.2084375 0.054931640625
1 0.5 0.41259765625 0.9165625 0.08837890625
0 0.1959375 0.9375 0.3015625 0.06494140625
0 0.8065625 0.92333984375 0.33 0.083251953125
0 0.2134375 0.8349609375 0.3334375 0.086669921875
0 0.815 0.830078125 0.2834375 0.066650390625