0 0.8809375 0.054931640625 0.1384375 0.07666015625
0 0.8875 0.112548828125 0.1584375 0.034912109375
0 0.5509375 0.05908203125 0.285 0.114990234375
0 0.205 0.06591796875 0.3934375 0.125
0 0.1515625 0.15576171875 0.1534375 0.03173828125
0 0.1540625 0.2451171875 0.2584375 0.13671875
0 0.4215625 0.242431640625 0.28 0.138427734375
1 0.41 0.479248046875 0.77 0.31494140625
0 0.7040625 0.71826171875 0.4015625 0.14990234375
0 0.9184375 0.979248046875 0.1234375 0.034912109375
0 0.1225 0.893310546875 0.185 0.066650390625
0 0.14 0.720947265625 0.23 0.168212890625