0 0.8615625 0.08740234375 0.1034375 0.074951171875
0 0.6515625 0.084228515625 0.2334375 0.044921875
0 0.1565625 0.089111328125 0.24 0.078369140625
0 0.7784375 0.214111328125 0.22 0.0849609375
0 0.4865625 0.277587890625 0.2965625 0.034912109375
0 0.135 0.197509765625 0.1865625 0.12158203125
0 0.8440625 0.33251953125 0.2084375 0.054931640625
1 0.4984375 0.41259765625 0.9165625 0.08837890625
0 0.8025 0.9375 0.3015625 0.06494140625
0 0.1915625 0.92333984375 0.33 0.083251953125
0 0.785 0.8349609375 0.3334375 0.086669921875
0 0.1834375 0.830078125 0.2834375 0.066650390625