0 0.7909375 0.07177734375 0.3915625 0.13330078125
0 0.4534375 0.040771484375 0.2634375 0.078369140625
0 0.1215625 0.05322265625 0.1265625 0.083251953125
0 0.8415625 0.155029296875 0.1465625 0.026611328125
0 0.8434375 0.228271484375 0.2565625 0.110107421875
0 0.5759375 0.2265625 0.275 0.110107421875
0 0.9284375 0.461669921875 0.0934375 0.02001953125
0 0.4565625 0.4658203125 0.0765625 0.0283203125
0 0.8525 0.563232421875 0.245 0.143310546875
0 0.09 0.9716796875 0.0965625 0.033447265625
1 0.6334375 0.369140625 0.6865625 0.158447265625