0 0.3278125 0.34033203125 0.105625 0.063720703125
0 0.4840625 0.322265625 0.2021875 0.02099609375
0 0.5696875 0.3525390625 0.2328125 0.024169921875
0 0.5684375 0.3740234375 0.105625 0.014404296875
0 0.3653125 0.40478515625 0.158125 0.031982421875
0 0.5684375 0.408447265625 0.204375 0.03515625
0 0.7609375 0.406982421875 0.145 0.03857421875
0 0.5659375 0.431640625 0.10875 0.017578125
0 0.561875 0.464111328125 0.5515625 0.0341796875
0 0.5684375 0.490966796875 0.2109375 0.017578125
0 0.5615625 0.53662109375 0.54375 0.053955078125
1 0.5653125 0.645751953125 0.5515625 0.138427734375
0 0.563125 0.7216796875 0.540625 0.017578125
0 0.55375 0.786376953125 0.548125 0.03955078125
0 0.5575 0.74755859375 0.53625 0.031982421875
0 0.41375 0.857421875 0.255 0.053955078125
0 0.7025 0.855224609375 0.2571875 0.05615234375