0 0.738125 0.3701171875 0.108125 0.02880859375
0 0.4134375 0.373046875 0.1396875 0.01904296875
0 0.373125 0.406005859375 0.0553125 0.04296875
0 0.39125 0.4638671875 0.095625 0.057373046875
0 0.67375 0.46044921875 0.2 0.0869140625
0 0.7021875 0.568115234375 0.214375 0.02880859375
0 0.405625 0.545654296875 0.124375 0.02001953125
1 0.578125 0.6494140625 0.5078125 0.145263671875
0 0.72375 0.750244140625 0.2153125 0.041015625
0 0.3865625 0.819580078125 0.09375 0.06494140625
0 0.5778125 0.816650390625 0.091875 0.0517578125
0 0.751875 0.81201171875 0.0784375 0.0439453125