0 0.9109375 0.058349609375 0.1084375 0.046630859375
0 0.725 0.056640625 0.2165625 0.0400390625
0 0.86 0.27001953125 0.16 0.110107421875
0 0.1884375 0.203369140625 0.1234375 0.050048828125
0 0.2465625 0.2841796875 0.2 0.074951171875
0 0.145 0.374267578125 0.2034375 0.081787109375
0 0.85 0.375732421875 0.21 0.078369140625
0 0.8759375 0.50927734375 0.165 0.10498046875
1 0.5 0.674072265625 0.92 0.1982421875
0 0.8534375 0.816650390625 0.2034375 0.063232421875
0 0.3059375 0.819091796875 0.3684375 0.06494140625
0 0.09 0.955078125 0.1665625 0.043212890625