0 0.323125 0.30126953125 0.0875 0.023193359375
0 0.590625 0.305908203125 0.4178125 0.01171875
0 0.3621875 0.3671875 0.14875 0.0390625
0 0.5309375 0.3740234375 0.165625 0.0673828125
0 0.7378125 0.369873046875 0.104375 0.054931640625
0 0.34125 0.429931640625 0.110625 0.016845703125
1 0.56625 0.475830078125 0.5759375 0.07275390625
0 0.70125 0.525390625 0.31 0.017822265625
0 0.33 0.5400390625 0.0971875 0.017822265625
1 0.56625 0.64599609375 0.57375 0.185546875
0 0.3603125 0.767333984375 0.1465625 0.04638671875
0 0.5353125 0.772705078125 0.0834375 0.02099609375
0 0.721875 0.773681640625 0.091875 0.023193359375