1 0.475 0.56396484375 0.46375 0.153076171875
0 0.31875 0.7216796875 0.153125 0.100830078125
0 0.596875 0.658203125 0.0590625 0.026123046875
0 0.28125 0.65087890625 0.080625 0.015869140625
0 0.3309375 0.425048828125 0.17125 0.093017578125
0 0.514375 0.431884765625 0.1859375 0.104248046875
0 0.330625 0.36328125 0.104375 0.02392578125
0 0.684375 0.385986328125 0.1134375 0.0283203125
0 0.605 0.28662109375 0.2040625 0.05224609375
0 0.366875 0.308349609375 0.2675 0.0908203125
0 0.8278125 0.3359375 0.11 0.021484375
0 0.8228125 0.2958984375 0.0815625 0.054443359375
0 0.8521875 0.9228515625 0.079375 0.02490234375