0 0.8125 0.312255859375 0.089375 0.049560546875
0 0.816875 0.349365234375 0.1021875 0.022705078125
0 0.599375 0.31494140625 0.1840625 0.07421875
0 0.375625 0.319091796875 0.2540625 0.080810546875
0 0.34125 0.377197265625 0.0990625 0.0205078125
0 0.3428125 0.434814453125 0.166875 0.08837890625
0 0.515625 0.433349609375 0.1809375 0.08935546875
1 0.508125 0.586181640625 0.4975 0.20361328125
0 0.6984375 0.74072265625 0.2596875 0.096923828125
0 0.8365625 0.909423828125 0.0796875 0.022705078125
0 0.3225 0.85400390625 0.1196875 0.04296875
0 0.33375 0.742431640625 0.14875 0.10888671875