0 0.413125 0.375244140625 0.2053125 0.06982421875
0 0.59 0.35888671875 0.138125 0.041015625
0 0.76375 0.365478515625 0.06625 0.043701171875
0 0.38625 0.4189453125 0.076875 0.013916015625
0 0.385625 0.457275390625 0.134375 0.0576171875
0 0.525625 0.456298828125 0.1440625 0.0576171875
0 0.3409375 0.57958984375 0.0490625 0.010498046875
0 0.588125 0.581787109375 0.0403125 0.014892578125
0 0.380625 0.6328125 0.1284375 0.0751953125
0 0.7803125 0.8466796875 0.050625 0.017578125
1 0.495625 0.531005859375 0.3596875 0.0830078125