0 0.395 0.350830078125 0.2265625 0.077392578125
0 0.594375 0.332763671875 0.1628125 0.04541015625
0 0.790625 0.3759765625 0.065 0.019287109375
0 0.3659375 0.398193359375 0.093125 0.019287109375
0 0.3659375 0.44091796875 0.1509375 0.06396484375
0 0.5228125 0.44091796875 0.160625 0.06396484375
0 0.3571875 0.635986328125 0.1315625 0.082275390625
0 0.603125 0.582275390625 0.0715625 0.019287109375
0 0.315625 0.577880859375 0.0484375 0.0126953125
0 0.8084375 0.877197265625 0.07375 0.0146484375
1 0.489375 0.523681640625 0.398125 0.092041015625
0 0.788125 0.340087890625 0.0775 0.04833984375