0 0.339375 0.356689453125 0.0596875 0.025634765625
0 0.4415625 0.355712890625 0.1190625 0.02197265625
0 0.3675 0.47314453125 0.088125 0.060546875
0 0.736875 0.4365234375 0.0678125 0.027587890625
0 0.7046875 0.48095703125 0.11 0.041259765625
0 0.760625 0.530517578125 0.111875 0.044921875
0 0.3728125 0.53125 0.115625 0.04296875
0 0.35875 0.604736328125 0.090625 0.057861328125
1 0.5653125 0.6953125 0.5059375 0.109130859375
0 0.3709375 0.77392578125 0.111875 0.034912109375
0 0.6721875 0.775146484375 0.2025 0.03564453125
0 0.7909375 0.849853515625 0.0915625 0.02392578125