0 0.1375 0.104248046875 0.1284375 0.091552734375
0 0.3515625 0.106689453125 0.2434375 0.1201171875
0 0.7975 0.070068359375 0.2815625 0.050048828125
0 0.8375 0.135009765625 0.1984375 0.056640625
0 0.2640625 0.27490234375 0.3715625 0.1533203125
0 0.74 0.27587890625 0.35 0.16162109375
1 0.5040625 0.3984375 0.925 0.056640625
1 0.5015625 0.540771484375 0.9265625 0.24169921875
0 0.805 0.764892578125 0.31 0.166748046875
0 0.0840625 0.73583984375 0.0784375 0.0849609375
0 0.4990625 0.888427734375 0.425 0.05322265625