0 0.7934375 0.07177734375 0.39 0.13330078125
0 0.45 0.040771484375 0.28 0.078369140625
0 0.1125 0.114990234375 0.1115625 0.033447265625
0 0.8434375 0.1533203125 0.16 0.033447265625
0 0.8434375 0.2265625 0.26 0.110107421875
0 0.5734375 0.2265625 0.2765625 0.110107421875
0 0.8584375 0.5625 0.2265625 0.1416015625
0 0.435 0.469970703125 0.1234375 0.033447265625
0 0.93 0.46240234375 0.0834375 0.021728515625
0 0.0815625 0.9775390625 0.1265625 0.02490234375
1 0.6309375 0.369140625 0.685 0.158447265625
0 0.1165625 0.05322265625 0.1334375 0.083251953125